  97.0406
  36.7986
  22.1608
  14.2467
  10.2528
  9.04227
  7.61573
  5.81192
  4.91879
  3.46764
  3.23013
  2.59074
  2.31362
   2.0595
  1.86092
  1.57081
  1.38958
  1.23592
  1.12789
  1.07374
 0.986802
 0.865376
 0.840811
 0.772636
 0.721904
 0.684379
 0.623818
 0.579948
 0.550573
 0.514294
  0.49906
  0.47544
 0.443024
 0.419056
 0.395187
 0.369699
 0.361752
 0.338078
 0.326799
 0.305399
  0.29372
 0.280092
 0.269148
   0.2545
 0.250302
 0.237571
 0.224339
 0.214631
 0.206065
 0.195874
 0.189807
 0.185986
 0.178616
 0.169292
 0.167991
 0.160235
 0.155087
 0.152606
 0.150296
 0.146398
 0.139385
 0.136133
  0.13252
 0.130923
 0.124465
 0.121281
  0.11533
 0.112414
 0.110827
 0.106988
 0.102104
0.0984214
0.0947248
0.0916692
0.0881502
0.0849512
0.0806104
0.0778163
0.0762354
0.0735007
0.0700075
0.0696914
   0.0636
0.0631657
0.0620595
0.0608672
0.0580461
0.0556098
0.0536046
0.0519496
0.0499449
 0.047975