     6.49926
     1.44627
    0.644583
    0.588469
    0.377092
    0.286772
    0.247516
    0.227132
    0.190795
    0.176479
    0.154705
    0.122621
    0.119779
    0.104575
    0.101208
   0.0967385
   0.0923103
   0.0870787
   0.0838076
   0.0800107
    0.077277
   0.0729888
  -0.0710212
   0.0694095
   0.0665948
    0.065458
   0.0639945
   0.0620343
   0.0607982
   0.0595949
   0.0579608
  -0.0579519
   0.0575308
   0.0554774
   0.0542678
  -0.0526717
    0.052556
   0.0526314
   0.0324454
  -0.0566699
  -0.0517933
    0.051357
   0.0474043
  0.00893817
  -0.0549073
    0.049107
    0.048214
   0.0473447
   0.0477841
    0.040235
   -0.049777
  -0.0224665
   0.0537129
   0.0302291
  -0.0535011
  -0.0451944
    0.046224
   0.0455421
 -0.00713545
   0.0476557
   0.0445222
   0.0436821
   0.0440847
   0.0431352
   -0.019961
   0.0490426
   0.0424448
  0.00615314
  -0.0442448
   0.0421176
  -0.0417157
   0.0415072
   0.0412825
     0.04095
   -0.023392
   0.0468838
   0.0399472
  -0.0412001
  -0.0401688
   0.0398708
  -0.0104692
   0.0431603
  -0.0394165
   0.0393473
   0.0389933
  -0.0387175
  -0.0385937
   0.0384465
  -0.0140538
   0.0431865
   0.0382363
   0.0377874
   0.0376336
  -0.0375132
   0.0371811
   0.0372814
 -0.00530965
   0.0391048
    0.037076
   0.0361794
   -0.037086
  -0.0365674
   0.0362244
   -0.018139
   0.0415113
   0.0272616
  -0.0401983
   0.0355635
  0.00521269
   -0.037152
   0.0353149
   0.0155674
  -0.0399728
   0.0350033
  -0.0345736
   0.0341991
  -0.0347677
 -0.00535301
   0.0358769
   0.0340008
  -0.0290363
   0.0374971
   0.0339196
  -0.0338502
   0.0335889
  -0.0338632
   0.0332386
     -0.0329
   0.0335776
  -0.0126211
   0.0371436
   -0.032756
   0.0331627
  -0.0278969
   0.0359952
   0.0324016
  -0.0324924
   0.0323533
   0.0322049
   0.0281325
  -0.0348722
   0.0200154
  -0.0366949
   0.0203304
  -0.0358517
    0.031774
    0.031794
   0.0315605
   0.0278459
    -0.03406
   0.0268626
  -0.0344763
   0.0207114
  -0.0356839
  -0.0309755
   0.0309801
 -0.00299293
   0.0320699
  -0.0307197
  -0.0208192
   0.0349126
   0.0105976
  -0.0340036
   0.0304193
  -0.0299502
   0.0302786
   0.0165032
  -0.0345517
    -0.02431
   0.0335076
  -0.0299363
   0.0299371
   0.0296816
   0.0284803
  -0.0302911
  -0.0292342
   0.0292626
  -0.0289747
   0.0294839
  -0.0290956
     -0.0287
   0.0294281
  0.00568194
  0.00654481
  -0.0311023
  -0.0302564
  -0.0287799
   0.0288796
  -0.0289729
  -0.0124072
   0.0327554
   0.0284986
  -0.0286697
   0.0105487
  -0.0321384
   0.0282075
   0.0281955
    0.028099
  -0.0280454
   0.0281537
   0.0128181
  -0.0317795
   -0.015348
   0.0321356
   0.0216589
  -0.0313327
  -0.0276094
   0.0276229
   0.0268513
  0.00440076
  -0.0286945
  -0.0278024
   0.0272389
  -0.0271884
   0.0272347
 -0.00384322
   0.0286058
   0.0270543
  -0.0271199
 0.000224136
  -0.0269281
  0.00224286
  -0.0272063
   0.0270374
  0.00423881
  -0.0284333
    0.026633
    -0.02665
   0.0266246
  -0.0265085
  0.00210198
   -0.027031
    0.026691
  -0.0254113
   0.0272477
   0.0260184
  -0.0264772
   0.0261581
  -0.0260793
  0.00434282
  -0.0277888
 -0.00625838
   0.0281971
   0.0259904
  0.00173408
  -0.0265667
   0.0256312
  0.00351436
  -0.0268875
 8.13203e-05
   0.0245177
  -0.0265662
    0.010134
  -0.0286519
    0.024953
  -0.0259696
   0.0253462
   0.0252066
  -0.0253125
    0.025059
 -0.00428443
   0.0267989
   -0.024973
   0.0189139
  -0.0281158
     0.02511
   0.0247661
   0.0120183
  -0.0285456
  -0.0248744
   0.0249098
   0.0093429
  -0.0278559
   0.0247749
   0.0243795
  -0.0248463
   0.0125763
  -0.0282309
   0.0101414
  -0.0278676
   0.0243596
  -0.0242641
   0.0246783
   0.0242673
   0.0075265
  -0.0270576
  0.00441295
   -0.026192
   0.0238135
  -0.0246017
    0.023981
  -0.0242623
   0.0241629
  -0.0122573
    0.027298
   0.0102999
  -0.0271228
   0.0139473
  -0.0273446
  0.00710484
  -0.0260052
  -0.0235938
 -0.00639406
   0.0260964
   0.0240263
   0.0177856
  -0.0267713
   0.0236688
 -0.00868214
   0.0267211
   0.0233779
   -0.023548
  0.00394791
  -0.0248651
   0.0235223
 -0.00602162
   0.0257949
   0.0233731
 -0.00637912
   0.0258848
  0.00822406
  -0.0261329
   0.0232649
-0.000601891
   0.0233692
   0.0229331
  -0.0234416
   0.0231137
   0.0230742
   0.0179929
  -0.0257998
   0.0229897
   0.0228276
  -0.0231365
 0.000240238
   0.0226965
  0.00100923
  -0.0231442
  0.00206786
  -0.0234725
   0.0150083
  -0.0260192
  -0.0222738
  0.00741463
  -0.0253771
   0.0159738
  -0.0257213
   0.0231002
  -0.0226176
 0.000921833
  -0.0228427
   0.0225151
  -0.0223186
   0.0225322
   0.0224288
   0.0221691
   -0.022425
   0.0025887
 0.000309787
   0.0125604
  -0.0256567
  -0.0225378
   0.0220086
  -0.0223146
   0.0221664
  0.00722976
  -0.0246937
    0.013817
  -0.0253919
  -0.0110789
   0.0254014
  0.00195845
  -0.0227673
  0.00113106
   0.0028586
  -0.0229592
  -0.0219746
   0.0219359
   0.0064875
  -0.0243025
  -0.0126915
   0.0250399
    0.021721
   0.0203605
  -0.0227639
   0.0215281
   0.0130029
  -0.0248246
   -0.016861
   0.0243653
  -0.0211028
   0.0216985
    0.011699
  -0.0246652
   0.0213408
   0.0210276
  -0.0216965
   0.0212323
  0.00707514
  -0.0238421
   0.0203507
  -0.0220087
  0.00158148
  -0.0217913
   0.0015384
  -0.0217641
 -0.00944522
   0.0241477
   0.0210062
  0.00380947
  -0.0224786
   0.0209112
   0.0199075
  -0.0219312
   0.0206864
   0.0134162
  -0.0239339
  -0.0209553
   -0.015778
   0.0235042
   0.0207712
   0.0206045
  -0.0204365
   0.0211367
   -0.012131
   0.0237699
   0.0206344
  -0.0197278
   0.0213925
  0.00236557
  -0.0215886
   0.0204675
  0.00471597
   -0.022217
 -0.00447745
   0.0221211
 -0.00751531
     0.02302
 -0.00487334
   0.0222102
-0.000427756
   0.0199983
  -0.0207029
   0.0202368
  0.00370651
  -0.0217234
   0.0201144
  -0.0202224
   0.0200898
  -0.0200374
  0.00144162
  0.00225068
  -0.0206991
   0.0023976
  -0.0213112
-0.000133032
  0.00192391
  -0.0209479
   0.0199946
  -0.0191927
   0.0206396
  0.00355532
  -0.0206181
  0.00397615
  -0.0212738
  -0.0197806
  0.00633589
  -0.0217368
   0.0199045
  0.00127463
  -0.0200604
   0.0163046
  -0.0219684
 -0.00893564
   0.0225365
  -0.0192891
   0.0201053
  8.4343e-05
  0.00959614
  -0.0222967
   0.0193609
   0.0123752
  -0.0225598
  -0.0198109
  0.00499749
   -0.021219
 -0.00687933
   0.0219944
   0.0194143
  -0.0193604
  -0.0122991
   0.0224387
   0.0194098
   0.0192933
  0.00268162
  -0.0204221
  -0.0194724
  0.00405019
  -0.0206472
   0.0191589
 -0.00930035
   0.0219575
  -0.0193536
  0.00793161
  -0.0218044
   0.0191425
  0.00388685
  -0.0204861
  0.00485234
  -0.0208581
-0.000850453
   0.0194602
   0.0190327
   0.0147626
  -0.0214447
   0.0189296
  0.00223777
  -0.0197048
  0.00250039
  -0.0197941
   0.0190228
     0.01834
  -0.0194661
   0.0186695
   0.0168303
  -0.0204545
   0.0107144
    -0.02172
     0.01446
  -0.0211039
   0.0053636
  -0.0201999
   0.0187562
  0.00113492
   0.0100854
  -0.0214698
  0.00819582
  -0.0212055
  0.00774271
  -0.0211149
  -0.0185571
 -0.00737026
   0.0211418
   0.0187491
   0.0129025
  -0.0210527
   0.0183833
  -0.0186588
   0.0184628
   -0.005311
    0.020426
   0.0184756
   0.0183797
   0.0168227
  -0.0196543
   0.0182852
  0.00297101
  -0.0191255
   0.0182644
  -0.0182206
  0.00806504
  -0.0205043
   0.0121601
  -0.0207303
   0.0181849
  0.00927259
   -0.020682
  -0.0182312
   0.0180971
   0.0121716
  -0.0207891
   0.0179809
   0.0119667
  -0.0206056
   0.0135228
  -0.0204138
   0.0179422
  0.00141842
   0.0118143
  -0.0206565
    -0.01842
  0.00486659
  -0.0197185
   0.0179681
  0.00244807
  -0.0187956
-0.000470865
   0.0178539
   0.0177991
  0.00697612
  -0.0202668
  -0.0175268
   0.0181558
   0.0176269
   0.0116264
  -0.0203251
  0.00335025
  0.00556499
  -0.0195136
  -0.0184832
   0.0177048
  0.00428125
  -0.0191976
   0.0114328
  -0.0203275
   0.0151627
  -0.0192809
 -0.00223976
   0.0184713
   0.0175101
   0.0175297
-0.000995735
   0.0178071
  0.00485153
  -0.0193313
   0.0174513
 0.000882055
  -0.0176013
  0.00291971
  -0.0184328
   0.0173597
   0.0100263
  -0.0200783
   0.0172273
  -0.0175288
 -0.00104313
   0.0039202
  -0.0183859
   0.0119821
   -0.019675
   0.0173577
 -0.00442258
   0.0188678
  -0.0170516
   0.0176753
   0.0170523
   0.0047667
  -0.0189433
  -0.0172042
    0.017243
   0.0135088
  -0.0193173
 -0.00195875
   0.0177608
    0.017024
  0.00876505
    -0.01958
  0.00589301
  -0.0191561
    0.016984
  -0.0170293
   0.0170859
    0.016814
  0.00103887
  -0.0171683
   -0.017128
 -0.00305668
   0.0181663
   0.0168334
  -0.0166146
   0.0171685
   0.0166789
   -0.016958
  0.00281985
   -0.017641
    0.016692
   0.0054968
  -0.0187583
   0.0053468
  -0.0187455
   0.0163451
  0.00291913
  -0.0178686
  -0.0168425
   0.0165794
  -0.0167046
   0.0166248
 -0.00822066
   0.0189726
  0.00977728
  -0.0191054
    0.016392
  -0.0166627
   0.0164916
   0.0057159
  -0.0185826
 -0.00964723
   0.0190499
   0.0164274
  0.00867721
  -0.0188821
   0.0163655
    0.016324
  -0.0164538
   0.0164043
  -0.0129386
   0.0183145
  -0.0162115
   0.0163894
 -0.00598809
-0.000440699
   0.0182924
   0.0134862
  -0.0180155
  0.00401698
  -0.0176689
 -0.00383566
   0.0177742
 -0.00034894
   0.0161714
   0.0159466
  -0.0163305
-0.000722513
   0.0162653
  0.00551719
   -0.018138
   0.0160307
  0.00745153
  -0.0183931
  0.00729573
  -0.0183769
 -0.00281169
   0.0169962
   0.0160301
  0.00781502
  -0.0184342
 -0.00782838
   0.0183471
    0.014493
  -0.0171291
   0.0158448
   0.0055404
  0.00509301
  -0.0182342
  -0.0169194
  0.00278571
  -0.0170517
  -0.0105811
   0.0181847
 0.000544697
  0.00615735
  -0.0178985
   0.0139084
  -0.0172157
    0.015622
  -0.0159515
   0.0157396
 -0.00673242
   0.0178454
   0.0156609
  0.00667448
  -0.0179099
  -0.0015331
 0.000560994
   0.0160921
  -0.0159182
   0.0109145
  -0.0178838
 0.000885383
-0.000455291
 -0.00022236
  -0.0156576
   0.0155592
  0.00672087
  -0.0177141
   -0.015636
   0.0153951
   -0.015709
   0.0153209
 0.000608335
  -0.0157027
   0.0150509
  -0.0158968
 -0.00235556
   0.0162662
   0.0152508
   -0.015573
  0.00348445
  -0.0167469
   0.0151891
  -0.0155495
   0.0148705
  0.00107586
  -0.0158034
 0.000197834
  -0.0152501
   0.0153813
   0.0031958
  -0.0165125
 0.000810467
  -0.0156578
  0.00760759
   -0.017564
   0.0144578
   0.0034016
  -0.0165236
  -0.0155231
   0.0150695
  -0.0152851
 0.000482043
 5.62781e-05
  -0.0115818
   0.0171278
 -0.00113285
    0.015639
 -0.00621849
   0.0172063
 -0.00587346
   0.0171413
  -0.0150355
 -0.00141181
   0.0156656
  -0.0138595
   0.0160723
  0.00180239
  -0.0152506
   0.0142689
  -0.0156821
   0.0149031
  -0.0150575
   0.0149785
  0.00316515
 -0.00180026
  -0.0161356
   0.0151456
 0.000551905
  0.00412549
  -0.0161486
-0.000345587
  0.00176557
  -0.0155363
  -0.0149075
   0.0147025
  -0.0151373
   0.0148144
  0.00501332
  -0.0166628
   0.0145151
  -0.0151456
 0.000970947
  -0.0151464
   0.0147325
  -0.0138575
   0.0156792
   0.0144304
  -0.0151104
 -0.00254175
   0.0157387
  -0.0059541
   0.0166063
   0.0118343
  -0.0163976
   0.0145499
  0.00564961
 0.000628452
   -0.016576
  0.00238794
  -0.0155626
  -0.0147243
   0.0146189
   0.0109688
  -0.0165183
   0.0025822
  -0.0156235
   0.0143905
  -0.0146886
   0.0143796
  0.00910521
  -0.0166925
  -0.0143833
   0.0146665
   -0.014456
   0.0144967
  0.00379833
  -0.0158828
   -0.014322
    0.014584
  0.00368602
  -0.0157444
  0.00578757
  -0.0163522
  0.00116272
 0.000943337
  -0.0148965
  -0.0142378
    0.014504
  -0.0143407
-0.000366476
   0.0143866
   0.0142044
  -0.0143246
   0.0143032
  0.00581021
    -0.01623
  0.00335239
  -0.0152895
  0.00312964
  -0.0153969
   0.0139999
  -0.0144143
  -0.0089395
   0.0163421
  0.00226235
  -0.0149965
 -0.00366091
   0.0153706
   0.0140401
  -0.0141823
   0.0140263
  -0.0141772
   0.0140986
  -0.0140567
 0.000921537
  -0.0142773
 -0.00172436
   0.0147082
  0.00116121
  -0.0145073
  0.00151068
  -0.0147056
   0.0139936
  -0.0139417
 2.95941e-05
   0.0140233
  -0.0140018
   0.0011559
  0.00328072
  -0.0152091
  -0.0141789
 -0.00312681
   0.0151533
   -0.013493
   0.0142904
 0.000104612
  -0.0104205
   0.0157329
  -0.0137154
 -0.00427431
   0.0154312
 -0.00382865
   0.0152848
 -0.00329607
    0.015107
   0.0139248
  0.00656838
  -0.0158217
   -0.013573
   0.0139584
  0.00623217
  -0.0156827
  0.00286553
  -0.0146051
   0.0135594
  -0.0138205
  0.00132687
  -0.0141002
-0.000636569
   0.0137028
  0.00987223
  -0.0155561
   0.0136232
   0.0134945
  0.00355678
   -0.014576
  -0.0136577
 -0.00822951
   0.0156909
    0.013534
  0.00658446
  -0.0155402
   0.0020949
  -0.0142642
  0.00436587
  -0.0148993
  -0.0131479
    0.013907
 -0.00111797
   0.0139488
  0.00497537
  -0.0151317
   0.0133066
  -0.0135363
   0.0133371
  0.00146747
  0.00564397
 0.000578663
  -0.0152026
  -0.0136344
    0.013136
  -0.0136788
   0.0132113
  0.00615942
  -0.0152632
  0.00410477
  -0.0147821
   0.0132818
  0.00414314
  -0.0148052
   0.0132704
  0.00936288
  -0.0152094
   0.0117122
  -0.0144254
   0.0132362
  0.00143144
  -0.0138154
   0.0131577
  -0.0130807
   0.0134707
   0.0132139
  0.00317053
   -0.014295
   0.0130491
   0.0118038
  -0.0142085
   0.0130498
  0.00172713
  -0.0138984
   0.0100227
   -0.014843
  0.00188567
  -0.0139013
   0.0130771
  0.00139184
  -0.0132518
   0.0130576
  -0.0131438
   0.0131403
    0.013041
  -0.0128427
   0.0132815
   0.0129486
  0.00393003
  -0.0143808
  0.00466852
  -0.0146052
  0.00430478
  -0.0144223
  0.00243544
  -0.0134816
  0.00275875
  -0.0140101
   0.0128683
    0.008858
  -0.0148907
   0.0128737
  0.00782543
  -0.0149244
  -0.0128255
   0.0130693
  0.00117774
  -0.0130554
   0.0128802
   0.0128211
  0.00955731
  -0.0146175
  0.00192641
  -0.0136183
   0.0127621
 -0.00979249
    0.014561
   0.0127753
  0.00369109
  -0.0140496
  0.00460208
  -0.0143504
 -0.00439637
   0.0143231
     0.00503
  -0.0143766
 0.000146438
   0.0126844
  0.00372865
  -0.0141766
   0.0126108
  0.00852501
  -0.0146054
   0.0125234
   -0.012692
  0.00127335
  -0.0130202
   0.0125772
 -0.00112258
 -0.00104653
    0.013077
   0.0126538
   0.0101027
  -0.0140672
 -0.00911489
   0.0142409
-0.000329549
   0.0125075
  -0.0125065
   0.0125386
   0.0048626
  -0.0141423
   0.0124057
  0.00734448
  -0.0143517
   0.0106868
  -0.0136762
 -0.00627349
   0.0142598
    0.010873
  -0.0134635
  0.00160321
  -0.0125794
  0.00248801
  -0.0131537
 -0.00793593
   0.0142574
   0.0123347
  -0.0123013
   0.0123904
   0.0115691
  -0.0129344
   0.0100958
  -0.0136683
    0.012016
  -0.0124952
   0.0123102
 -0.00514039
   0.0139056
 -0.00114389
     0.01272
 0.000415208
 -0.00164374
  0.00248667
  0.00565374
  -0.0145908
   0.0020181
   -0.012919
  -0.0124197
   0.0122223
  0.00280143
  0.00277949
  -0.0134233
  -0.0128823
   0.0121435
  -0.0120857
    0.012344
   -0.012008
   0.0122869
   0.0120406
 0.000314331
  -0.0122061
  0.00225376
  -0.0129382
    0.012047
  0.00904025
  -0.0137541
 5.09889e-06
 -0.00101713
   0.0124922
   0.0103466
  -0.0131631
   0.0119329
  0.00597265
  -0.0137657
  0.00422798
  -0.0134731
  0.00702827
 0.000650534
   -0.013829
   0.0117004
  0.00275987
  -0.0129156
  0.00401859
  -0.0132722
  -0.0121382
  0.00278547
  -0.0130321
 -0.00262804
   0.0129754
  0.00452271
  -0.0133461
    0.011866
   0.0118139
  0.00674005
  -0.0137113
   0.0115776
  0.00336447
  -0.0130977
  -0.0119891
   0.0118492
   0.0116438
 0.000631131
  0.00293638
  -0.0126899
  0.00778489
  -0.0135038
  -0.0117078
   0.0118591
 -0.00901544
   0.0132436
   0.0116828
    0.011592
  -0.0117937
  0.00164243
  -0.0121563
   0.0114757
  -0.0119342
   0.0115951
  0.00206692
  -0.0124599
  0.00720496
  -0.0134434
-0.000185877
   0.0116274
   0.0114733
  0.00219032
  -0.0123689
  0.00237837
  -0.0123292
  0.00679208
  0.00193903
  -0.0133582
  -0.0119047
  -0.0116093
   0.0116646
   0.0115288
  0.00789795
   -0.013252
 5.49827e-05
 -0.00737606
    0.013193
  0.00768204
  -0.0132504
   -0.011429
   0.0115876
  0.00078004
  0.00203846
  -0.0121483
  -0.0116651
 -0.00088191
   0.0117512
 -0.00977771
   0.0126177
  0.00479188
  -0.0130495
  0.00363209
  -0.0126349
  0.00157554
  -0.0117839
 -0.00481802
   0.0129176
 -0.00228415
   0.0122403
 -0.00881947
   0.0128648
   0.0112478
  0.00385475
   -0.012634
  -0.0112606
   0.0114444
  0.00219353
  -0.0117899
  0.00160506
   -0.011675
  0.00147523
  -0.0117217
   0.0113306
  -0.0111993
   0.0113254
  0.00415462
  -0.0125458
  -0.0111629
 -0.00264847
   0.0123297
  0.00570112
  -0.0127967
  0.00309987
  -0.0123381
  0.00252991
  -0.0121955
   0.0112505
   0.0110928
  -0.0112229
   0.0111414
   0.0106577
  -0.0115854
   0.0108752
  -0.0113461
   0.0109469
  0.00470014
   -0.012481
 0.000870121
  -0.0112796
  0.00120781
  -0.0114492
  0.00883779
  -0.0123881
  0.00520259
  -0.0125539
  -0.0107582
   0.0113094
 -0.00249793
   0.0119867
 0.000271045
 -0.00923317
   0.0121802
  0.00223203
   -0.011637
   0.0107947
  0.00435419
  -0.0122953
  0.00359379
  -0.0119748
  0.00185116
   -0.011552
  0.00953724
  -0.0119447
  0.00152115
   0.0020009
  -0.0115935
  0.00128683
  -0.0115187
  -0.0111263
  0.00629208
  -0.0124895
  0.00261781
  -0.0118151
   0.0108461
 -0.00742262
   0.0124876
   0.0107922
   -0.010663
   0.0110274
   0.0107383
  0.00310527
  -0.0116806
  0.00658903
  -0.0124345
  0.00467226
  -0.0121002
   0.0105617
  -0.0109041
   0.0106435
  0.00889845
  -0.0119333
 -0.00993679
   0.0113524
   0.0106271
  0.00465069
  -0.0120162
  0.00908718
  -0.0117486
  0.00267285
  -0.0114783
   0.0106376
   0.0104608
  0.00314815
  -0.0116427
  0.00385076
  -0.0119541
  0.00911027
  -0.0116782
  0.00729987
  -0.0121387
   0.0105496
  0.00952626
  -0.0113893
   0.0104587
  -0.0105103
   0.0106848
  0.00765256
  -0.0120175
   0.0104211
  0.00490121
  -0.0119893
 -0.00951814
   0.0112866
   0.0104172
   0.0101698
  0.00507166
  -0.0119655
  -0.0106038
   0.0103746
   0.0103091
  0.00485985
  -0.0119046
  0.00840526
  -0.0116449
   0.0102954
  -0.0105274
   0.0103433
  0.00804987
  -0.0117259
   0.0102387
  -0.0105146
    0.010271
  0.00929766
  -0.0111923
     0.01026
  0.00457734
  -0.0117949
  0.00534555
  -0.0117964
  0.00995072
 0.000886168
  -0.0106846
 0.000212707
   0.0102822
  0.00137488
  -0.0105867
   0.0102625
  0.00224953
   -0.010952
  0.00971222
  0.00315307
  -0.0114324
  -0.0105667
   0.0101701
 -0.00542046
   0.0118271
   0.0100046
  -0.0103545
     0.01017
 -0.00128735
   0.0107833
   0.0101046
  0.00894534
  -0.0110299
   0.0100683
  -0.0101836
  0.00994674
  -0.0103118
   0.0100172
  0.00991374
  0.00180559
 0.000813389
  -0.0108185
  0.00189162
  -0.0105106
  0.00234465
  -0.0107224
 -0.00977142
   0.0104142
  0.00996296
  0.00129067
  -0.0105392
  0.00541943
  -0.0114883
 0.000216297
  0.00507136
  -0.0114615
  0.00928359
  -0.0106836
 -0.00241923
   0.0109707
   0.0100055
  0.00483917
  -0.0114858
-0.000567037
   0.0101749
  0.00946375
  -0.0103673
  0.00998125
  0.00971495
  -0.0101657
  0.00990049
   0.0016563
  -0.0102877
    0.009827
  0.00736974
  -0.0112182
  0.00974296
  0.00793286
  -0.0110295
 0.000804936
  0.00480017
  -0.0113442
  0.00661631
  -0.0112243
   0.0070673
  -0.0112703
  0.00101163
  0.00664858
  -0.0112582
  0.00806424
  -0.0109548
  -0.0098764
  0.00974368
 -0.00986724
  0.00981676
  0.00970911
  0.00233611
  -0.0104606
  0.00855765
  -0.0106849
  0.00961844
  0.00507577
  -0.0111417
  0.00959594
  0.00568483
  -0.0111598
  0.00160105
  -0.0101086
  0.00727372
  -0.0110083
  0.00965203
  0.00580312
  -0.0111648
  0.00270062
  -0.0106107
  0.00963963
  0.00930026
   0.0061166
  -0.0111079
 -0.00980062
  0.00956819
  0.00733362
  -0.0109263
  0.00959085
  0.00401324
  -0.0108367
  0.00331069
  0.00229227
  -0.0106571
  0.00609994
  -0.0109905
 -0.00985087
  0.00949566
  0.00314883
  -0.0107323
   0.0016311
  -0.0102064
  0.00844071
  -0.0103525
 -0.00376614
   0.0107999
  0.00947222
  0.00388071
  -0.0105708
 -0.00899356
  0.00989252
  0.00936745
  0.00545275
  -0.0108311
  0.00317772
   -0.010537
  0.00391192
  -0.0106565
  0.00931348
  0.00859529
 -0.00998171
  0.00938305
  0.00764549
  0.00226104
  -0.0105442
 -0.00969382
 -0.00457835
   0.0107474
  0.00735217
  -0.0104672
  0.00929189
  0.00251291
  -0.0101465
  0.00919076
  0.00389448
  -0.0105218
 -0.00928961
    0.009321
  0.00832117
  -0.0099413
  0.00921271
  0.00811247
  -0.0100875
  0.00519994
  -0.0105866
  0.00919175
  0.00915147
 -0.00701591
   0.0104656
  0.00908873
  0.00747678
  -0.0102404
  0.00545653
  -0.0105715
  0.00911864
 0.000683414
  0.00378543
  -0.0104138
 0.000533267
 -0.00935881
  0.00880073
 -0.00943939
  0.00789487
  -0.0100509
  0.00912126
  0.00913221
  0.00669861
  -0.0102961
   0.0090264
 -0.00903142
  0.00916073
  0.00886911
  0.00577252
  -0.0103639
  0.00898286
  0.00743884
 -0.00999288
-0.000152625
  0.00886716
 -0.00913355
  0.00891179
  0.00267361
 -0.00993222
  0.00134587
 -0.00932432
  0.00135997
 -0.00925608
  0.00214316
   0.0014788
 -0.00958069
  0.00396901
  -0.0101973
  0.00731491
  -0.0100244
  0.00599066
  -0.0102384
  0.00887492
  0.00875312
  -0.0090972
  0.00888753
  0.00878296
  0.00886355
 -0.00899937
  0.00225727
 -0.00970831
  0.00638848
  -0.0100757
  0.00876371
  0.00736741
 -0.00978991
  0.00874861
  0.00062384
  0.00274285
 -0.00984702
  0.00513422
  -0.0100911
  0.00132126
 -0.00921209
  0.00111284
 -0.00899369
  0.00118354
 -0.00919953
   0.0085384
 -0.00892773
  0.00869832
  0.00699331
 -0.00975372
  0.00870562
  0.00219099
 -0.00950575
  0.00867495
 -0.00864288
  0.00879275
  0.00834888
 -0.00891794
  0.00865095
  0.00794185
 -7.3446e-05
 -0.00920965
  0.00862156
  0.00853606
 -0.00202761
  0.00941446
    0.005112
 -0.00992364
  0.00742983
 -0.00942106
   0.0081958
 -0.00894971
  0.00856934
  0.00181302
 -0.00910579
  0.00324158
 -0.00963655
  0.00847485
  0.00352397
 -0.00966079
  0.00847791
  0.00434396
 -0.00979105
  0.00840192
  0.00667741
 -0.00954792
  0.00152888
 -0.00877635
  0.00256541
 -0.00941886
  0.00178119
 -0.00909378
  0.00834958
 -0.00855454
  0.00842143
  -0.0082716
  0.00864238
  0.00829656
  0.00406757
 -0.00962583
 0.000472174
 -0.00848392
  0.00317098
 -0.00943192
 0.000908879
 -0.00867867
 0.000176809
  0.00145522
 -0.00898531
  0.00840174
  0.00369038
 -0.00952697
 0.000869322
  0.00158426
 -0.00850659
 -0.00836089
  0.00840216
  0.00221324
 -0.00910222
  0.00827897
  0.00125125
 -0.00843473
  0.00786623
  0.00256002
 -0.00901049
  0.00282139
 -0.00916155
 -0.00863052
 0.000813263
  0.00132616
 -0.00860688
 -0.00042053
 -0.00148356
  0.00878131
  0.00335378
 -0.00927948
 -0.00843275
  0.00837562
  0.00106249
 -0.00848104
-0.000709493
  0.00847853
  0.00821594
  0.00819022
   0.0079082
 -0.00849215
 -0.00810964
  0.00829035
  0.00292965
 -0.00907775
 0.000530602
  0.00718457
  -0.0088661
  0.00809892
 -0.00135893
  0.00862503
 -0.00740293
  0.00875376
  0.00803412
  0.00644529
 -0.00907015
  0.00804921
  0.00377512
 -0.00920323
  0.00791932
 -0.00814904
 -0.00802845
  0.00801969
-0.000406526
 0.000946758
 -0.00794147
 0.000587044
 -0.00799985
  0.00837635
  0.00795307
 0.000281887
  0.00346477
 -0.00898517
 -0.00798469
  0.00801891
  0.00196293
  -0.0086596
 -0.00787743
  0.00801798
-0.000113349
  0.00758197
 -0.00826496
  0.00275655
 -0.00865463
  0.00785859
  0.00738318
 -0.00835848
 0.000158274
 0.000558197
  0.00504996
 -0.00897525
 -0.00797418
    0.007622
  -0.0081151
  0.00123333
  0.00452977
 -0.00903344
 -0.00821679
  0.00777767
  0.00708849
 -0.00839092
  0.00132421
 -0.00814163
  0.00775089
   0.0050442
 -0.00898555
 0.000250942
  0.00768625
  0.00071781
  0.00262008
 -0.00862989
  0.00462393
 -0.00895686
  0.00730169
 -0.00817785
   0.0053626
 -0.00889808
 0.000806561
 -0.00808122
  0.00769589
  0.00415179
 -0.00887998
  0.00761104
  0.00577472
 -0.00869458
  0.00204986
  -0.0084065
  0.00701631
 -0.00820872
  0.00242347
 -0.00844875
  0.00763116
 -0.00110254
  0.00124755
  0.00777666
 -0.00832622
  0.00521657
 -0.00876438
  0.00759747
   0.0075489
 0.000584286
  0.00133791
 -0.00794415
  0.00223149
 -0.00841402
 -0.00767015
  0.00137173
  0.00404285
 -0.00853184
 -0.00772999
  0.00762799
  0.00501475
 -0.00869841
  0.00747052
 0.000721435
 -0.00757347
 -0.00722471
  0.00801222
  0.00748549
  0.00218956
 -0.00806448
  0.00685936
 -0.00805774
  0.00747818
  0.00121085
 -0.00782639
  0.00741294
  0.00241964
 -0.00819858
  0.00621082
 -0.00827243
  -0.0073913
  0.00764316
  0.00744395
  0.00451923
 -0.00858705
  0.00204225
 -0.00809277
  0.00738925
  0.00688933
 -0.00784476
  0.00168773
  -0.0080609
   0.0015465
 -0.00795127
  0.00737211
  0.00725833
   0.0020341
 -0.00801273
  0.00625893
 -0.00815365
   0.0013193
   0.0010533
 -0.00785399
  0.00570852
 -0.00831164
 -0.00725577
  0.00741322
  0.00265641
 -0.00811292
  0.00659443
  0.00190804
 -0.00800523
 -0.00773567
  0.00576979
 -0.00816431
  0.00728365
  0.00724758
  0.00309557
 -0.00825593
  0.00723894
  0.00719989
 -0.00729333
  0.00152719
 -0.00776611
    0.007189
  0.00721257
  0.00286469
 -0.00813906
  0.00717533
  0.00151763
  -0.0075542
  0.00657838
 -0.00766594
  0.00711225
 -0.00715707
  0.00724917
  0.00707255
   0.0024043
 -0.00777776
 -0.00719765
  0.00714872
  0.00696756
  0.00335258
 -0.00803619
  0.00357458
 -0.00813053
  0.00646988
 -0.00760675
  0.00435955
 -0.00816098
 -0.00028364
  0.00706409
  0.00471796
 -0.00810995
 0.000704238
 -0.00703103
  0.00712466
  0.00707597
  0.00702721
  0.00697628
 -0.00705404
  0.00704383
  0.00304267
 -0.00802709
  0.00695253
  0.00612039
  0.00203416
 -0.00775571
 -0.00752919
  0.00691306
 -0.00703209
  0.00694792
   -0.000657
  0.00728767
 0.000585248
   0.0069396
  0.00689229
  0.00656527
 -0.00728135
 0.000894408
  0.00251241
 -0.00781093
  0.00143487
 -0.00735142
 -0.00720952
  0.00694264
  0.00682973
  0.00406665
 -0.00785385
  0.00660105
 -0.00717496
  0.00123482
 -0.00729687
   0.0068424
  0.00680311
  0.00392573
 -0.00786402
 -0.00019389
  0.00685771
  0.00686607
  0.00679516
 0.000652135
 -0.00703823
  0.00472614
 -0.00780006
   0.0029917
  -0.0077422
  0.00678607
  0.00370933
 -0.00774041
  0.00671562
 -0.00677097
  0.00678332
  0.00674813
  0.00501405
 -0.00764824
  0.00664619
 0.000927721
 -0.00705871
 -0.00673331
  0.00681703
  0.00670766
   0.0066593
   0.0066319
 -0.00677577
 0.000829946
 -0.00684825
-0.000102506
  0.00668039
  0.00351721
 -0.00766778
  0.00312731
 -0.00758192
  0.00627047
 -0.00692234
   0.0065123
   0.0031995
 -0.00754063
  0.00122114
 -0.00681112
   0.0019566
  -0.0070859
  0.00660192
  0.00400918
  -0.0075829
  0.00657928
 -0.00608282
  0.00705597
  0.00145574
 -0.00710019
  0.00158359
  0.00182034
 -0.00733307
  0.00424469
 -0.00756208
 8.22342e-05
  0.00350825
 -0.00749651
  0.00641475
 -0.00669542
  0.00655008
   0.0065229
  0.00541124
 -0.00718689
  0.00544897
 -0.00724378
  0.00644993
  0.00606985
 -0.00681851
  0.00607806
 -0.00681273
 0.000523954
  0.00642989
  0.00558686
  -0.0070901
  0.00642471
  0.00633268
 -0.00657253
  0.00637276
  0.00150942
 -0.00694381
  -0.0062532
  0.00661135
  0.00637182
 0.000949605
  -0.0065055
  0.00292496
 -0.00732011
  0.00635023
  0.00634492
  0.00342644
 -0.00729739
  0.00189395
  -0.0069147
  0.00630516
  0.00227125
  -0.0071028
 -0.00641603
  0.00542655
 -0.00697465
   0.0063291
  0.00455184
 -0.00717384
  0.00629885
  0.00617739
  0.00289414
 -0.00715769
  0.00398658
 -0.00722256
  0.00614789
  0.00089599
 -0.00668872
 -0.00624675
 0.000505255
  0.00262087
 -0.00703798
  0.00626301
  0.00237821
 -0.00696698
 -0.00630903
  0.00623466
  0.00526059
 -0.00684615
   0.0044148
 -0.00706651
   0.0061934
  0.00617319
  0.00614488
  0.00557506
 -0.00665562
  0.00616723
  0.00224737
 -0.00693559
  0.00618351
  0.00612982
 -0.00544664
  0.00670919
  0.00522658
 -0.00674838
  0.00607635
  0.00408724
  -0.0069796
  0.00606165
  0.00248345
 -0.00692792
  0.00600318
  0.00458944
  -0.0068638
  0.00600979
  0.00485955
 -0.00680214
  0.00602237
   0.0045486
 -0.00682876
  0.00598871
  0.00281921
 -0.00690926
  0.00141947
 -0.00662707
-0.000576692
  0.00626597
   0.0060192
  0.00600797
  -0.0033774
  0.00694153
  0.00599172
  0.00593906
  0.00502778
  -0.0066033
  0.00595141
  0.00476454
  0.00275354
 -0.00682623
  0.00131874
 -0.00643703
 -0.00609742
  0.00596066
  0.00590657
  0.00587274
 -0.00589998
  0.00602365
  0.00585248
   -0.001517
  0.00651974
  0.00578523
 -0.00594171
  0.00586175
  0.00587527
  0.00174232
  -0.0064966
  0.00414461
 -0.00663427
  0.00572015
  0.00536102
  -0.0062354
  0.00581316
  0.00579079
  0.00306905
 -0.00669096
  0.00573211
 -0.00587305
   0.0058182
  0.00389812
 -0.00663844
  0.00576001
  0.00193406
 -0.00640846
   0.0055006
 -0.00606349
  0.00572211
  0.00347929
 -0.00662077
  0.00569867
  0.00399401
    -0.00657
  0.00565342
 -0.00583579
   0.0057118
  0.00570789
  -0.0057001
  0.00579951
  0.00568809
 0.000783488
 9.46048e-05
  0.00373766
 -0.00652848
 -0.00575729
   0.0057123
  0.00238653
 -0.00639251
  0.00559295
   0.0034561
 -0.00648608
 -0.00575351
  0.00567503
  0.00567501
  0.00560227
  0.00476419
 -0.00622085
  0.00558905
  0.00277527
 -0.00645817
  0.00087895
 -0.00587455
  0.00012426
  0.00557823
   0.0017362
 -0.00610419
  0.00294463
 -0.00638333
 -0.00555054
  0.00564842
  0.00554161
  0.00269711
   0.0016158
  -0.0064285
 -0.00587425
 -0.00348791
  0.00639916
  0.00346972
 -0.00634287
  0.00548296
  0.00133817
 -0.00591736
 -0.00546992
  0.00563159
  0.00284211
 -0.00618322
  0.00543516
  0.00365879
 -0.00630945
  0.00547575
  0.00139099
  0.00194578
 -0.00611026
 -0.00579372
     0.00545
    0.005418
  0.00175596
 -0.00597815
   0.0054207
 -0.00543322
  0.00545918
 0.000461711
 -0.00544099
  0.00530228
 -0.00556657
   0.0054212
  0.00307678
 -0.00620424
  0.00539268
  0.00131373
 -0.00590298
  0.00521051
 -0.00549818
  0.00530548
   0.0027187
 -0.00614029
  0.00535796
  0.00191833
  -0.0059463
  0.00119131
 -0.00559226
  0.00532451
 -0.00497161
  0.00232902
 -0.00602734
  0.00564756
  0.00527201
  0.00217125
 -0.00600534
  0.00386825
 -0.00601575
 -0.00466831
  0.00576099
  0.00522795
-0.000769685
  0.00555293
-0.000420571
  0.00534417
  0.00330565
 -0.00601907
  0.00517134
 0.000592577
 -0.00551585
 4.26855e-05
  0.00514535
 -0.00527356
  0.00524801
  0.00394914
 -0.00590032
 0.000345908
 -0.00519839
 0.000998273
 -0.00547459
 0.000490371
  0.00146093
  -0.0056996
  0.00151235
 -0.00579529
  0.00518901
 -0.00433791
   0.0057703
  0.00200741
 -0.00581809
  0.00502886
 -0.00521635
 0.000761406
  0.00509734
 -0.00496042
  0.00524972
  0.00116494
 -0.00542584
  0.00502348
  0.00389342
 -0.00574308
  0.00356896
 -0.00581452
 -0.00508755
  0.00138489
  -0.0053583
  0.00505459
  0.00499297
 -0.00504093
   0.0011292
 -0.00542256
  0.00499633
 0.000988337
 -0.00532846
  0.00158914
 -0.00542272
 -0.00187088
  0.00562558
  0.00379885
 -0.00562884
  0.00490591
  -0.0050514
  0.00499931
  0.00322877
 -0.00571489
  0.00493027
 0.000553488
 -0.00492486
  0.00497692
  0.00212337
 -0.00557415
 -0.00365245
  0.00560502
  0.00482647
 -0.00498492
-9.66908e-05
  0.00490556
  0.00480831
  0.00197901
 -0.00544346
 -0.00494942
  0.00485509
  0.00461382
 -0.00508228
  0.00137347
 -0.00531781
  0.00101072
 -0.00511972
  0.00136107
 -0.00526507
   0.0048306
   0.0013823
 -0.00523278
  0.00476372
  0.00197895
 -0.00544613
   0.0017888
 -0.00535808
   0.0045623
 -0.00503909
  0.00479872
 -0.00157358
  0.00534678
  0.00475151
  0.00451351
 0.000877342
 -0.00505258
  0.00128904
 -0.00509916
  0.00242967
 -0.00542687
  0.00405843
 -0.00525286
  0.00472192
  0.00461673
  0.00342773
 -0.00540963
 -0.00477665
  0.00469348
   0.0010456
  -0.0051341
  0.00468618
  0.00450984
 -0.00485926
  0.00463808
  0.00282046
 -0.00533954
  0.00466496
  0.00275705
 -0.00539665
  0.00464088
  0.00251005
 -0.00530054
  0.00460323
  0.00315537
  -0.0052576
  0.00460343
  0.00458967
 0.000942903
  0.00233702
 -0.00522206
 -0.00472811
  0.00458673
 0.000998071
 -0.00480429
  0.00456652
   0.0010039
 -0.00485005
   0.0011659
 -0.00489722
  0.00453141
  0.00157545
 -0.00503901
  0.00451014
  0.00169914
 -0.00508818
 -0.00453543
  0.00456553
  0.00444784
 -0.00463117
  0.00452441
-0.000573593
  0.00477791
  0.00446763
  0.00447536
  0.00442909
  0.00277078
 -0.00513798
  0.00339428
  0.00107643
 -0.00510633
 -0.00461463
  0.00443917
  0.00444533
   0.0043953
 -0.00452223
  0.00443225
  0.00433481
  0.00071984
  0.00302905
 -0.00500215
 -0.00452453
  0.00146353
 -0.00476093
  0.00442634
     0.00437
  0.00433043
  0.00366161
 -0.00485616
  0.00249445
 -0.00498324
   0.0043219
   0.0006423
   -0.004535
  -0.0039911
  0.00469495
   0.0043525
  0.00431796
  0.00244616
 -0.00500077
  0.00426477
  0.00403271
 -0.00456246
  0.00419301
 -0.00444153
   0.0042861
  0.00417567
 -0.00441035
  0.00428014
  0.00427213
  0.00413348
  0.00284634
 -0.00489274
  0.00414605
 -0.00436422
 0.000625977
 -0.00436384
  0.00427161
 0.000929909
 -0.00452507
  0.00421676
 -0.00417583
  0.00434468
  0.00415393
  -0.0041688
 0.000793837
 0.000468298
 -0.00452062
  0.00417582
  0.00344678
 -0.00466073
  0.00417454
  0.00254451
 -0.00479053
 0.000742345
  -0.0044953
  0.00136434
 -0.00455623
  0.00416369
  0.00414297
  0.00232145
 -0.00477002
  0.00413562
  0.00265434
  -0.0047347
 0.000392724
  0.00411621
  0.00261753
  0.00192801
 -0.00476047
 -0.00454597
  0.00407347
 -0.00395225
 0.000230459
  0.00429884
  0.00266723
 -0.00473393
  0.00408728
  0.00406647
  0.00243154
 -0.00472637
  0.00403082
  0.00268963